11
21 12
31 22 13
41 32 23 14
51 42 33 24 15
61 52 43 34 25 16
71 62 53 44 35 26 17
81 72 63 54 45 36 27 18
91 82 73 64 55 46 37 28 19
101 92 83 74 65 56 47 38 29 110
111 102 93 84 75 66 57 48 39 210 111
121 112 103 94 85 76 67 58 49 310 211 112
131 122 113 104 95 86 77 68 59 410 311 212 113
141 132 123 114 105 96 87 78 69 510 411 312 213 114
151 142 133 124 115 106 97 88 79 610 511 412 313 214 115
161 152 143 134 125 116 107 98 89 710 611 512 413 314 215 116
171 162 153 144 135 126 117 108 99 810 711 612 513 414 315 216 117
181 172 163 154 145 136 127 118 109 910 811 712 613 514 415 316 217 118
191 182 173 164 155 146 137 128 119 1010 911 812 713 614 515 416 317 218 119
201 192 183 174 165 156 147 138 129 1110 1011 912 813 714 615 516 417 318 219 120
202 193 184 175 166 157 148 139 1210 1111 1012 913 814 715 616 517 418 319 220
203 194 185 176 167 158 149 1310 1211 1112 1013 914 815 716 617 518 419 320
204 195 186 177 168 159 1410 1311 1212 1113 1014 915 816 717 618 519 420
205 196 187 178 169 1510 1411 1312 1213 1114 1015 916 817 718 619 520
206 197 188 179 1610 1511 1412 1313 1214 1115 1016 917 818 719 620
207 198 189 1710 1611 1512 1413 1314 1215 1116 1017 918 819 720
208 199 1810 1711 1612 1513 1414 1315 1216 1117 1018 919 820
209 1910 1811 1712 1613 1514 1415 1316 1217 1118 1019 920
2010 1911 1812 1713 1614 1515 1416 1317 1218 1119 1020
2011 1912 1813 1714 1615 1516 1417 1318 1219 1120
2012 1913 1814 1715 1616 1517 1418 1319 1220
2013 1914 1815 1716 1617 1518 1419 1320
2014 1915 1816 1717 1618 1519 1420
2015 1916 1817 1718 1619 1520
2016 1917 1818 1719 1620
2017 1918 1819 1720
2018 1919 1820
2019 1920
2020
